0 0 30
0 1 30
0 2 30
0 3 30
0 4 31
0 5 31
0 6 32
0 7 33
0 8 34
0 9 36
0 10 39
0 11 39
0 12 39
0 13 39
0 14 39
0 15 39
0 16 39
0 17 39
0 18 39
0 19 39
0 20 39
0 21 39
0 22 39
0 23 39
0 24 39
0 25 39
0 26 39
0 27 39
0 28 39
0 29 39
0 30 39
0 31 39
0 32 39
0 33 39
0 34 39
0 35 39
0 36 39
0 37 39
0 38 39
0 39 39
0 40 39
0 41 39
0 42 39
0 43 39
0 44 39
0 45 39
0 46 39
0 47 39
0 48 39
0 49 39
1 0 30
1 1 30
1 2 30
1 3 30
1 4 30
1 5 31
1 6 32
1 7 32
1 8 34
1 9 35
1 10 39
1 11 39
1 12 39
1 13 39
1 14 39
1 15 39
1 16 39
1 17 39
1 18 39
1 19 39
1 20 39
1 21 39
1 22 39
1 23 39
1 24 39
1 25 39
1 26 39
1 27 39
1 28 39
1 29 39
1 30 39
1 31 39
1 32 39
1 33 39
1 34 39
1 35 39
1 36 39
1 37 39
1 38 39
1 39 39
1 40 39
1 41 39
1 42 39
1 43 39
1 44 39
1 45 39
1 46 39
1 47 39
1 48 39
1 49 39
2 0 30
2 1 30
2 2 30
2 3 30
2 4 30
2 5 31
2 6 32
2 7 32
2 8 34
2 9 35
2 10 39
2 11 39
2 12 39
2 13 39
2 14 39
2 15 39
2 16 39
2 17 39
2 18 39
2 19 39
2 20 39
2 21 39
2 22 39
2 23 39
2 24 39
2 25 39
2 26 39
2 27 39
2 28 39
2 29 39
2 30 39
2 31 39
2 32 39
2 33 39
2 34 39
2 35 39
2 36 39
2 37 39
2 38 39
2 39 39
2 40 39
2 41 39
2 42 39
2 43 39
2 44 39
2 45 39
2 46 39
2 47 39
2 48 39
2 49 39
3 0 30
3 1 30
3 2 30
3 3 30
3 4 30
3 5 31
3 6 31
3 7 32
3 8 33
3 9 35
3 10 39
3 11 39
3 12 39
3 13 39
3 14 39
3 15 39
3 16 39
3 17 39
3 18 39
3 19 39
3 20 39
3 21 39
3 22 39
3 23 39
3 24 39
3 25 39
3 26 39
3 27 39
3 28 39
3 29 39
3 30 39
3 31 39
3 32 39
3 33 39
3 34 39
3 35 39
3 36 39
3 37 39
3 38 39
3 39 39
3 40 39
3 41 39
3 42 39
3 43 39
3 44 39
3 45 39
3 46 39
3 47 39
3 48 39
3 49 39
4 0 30
4 1 30
4 2 30
4 3 30
4 4 30
4 5 31
4 6 31
4 7 32
4 8 33
4 9 35
4 10 38
4 11 39
4 12 39
4 13 39
4 14 39
4 15 39
4 16 39
4 17 39
4 18 39
4 19 39
4 20 39
4 21 39
4 22 39
4 23 39
4 24 39
4 25 39
4 26 39
4 27 39
4 28 39
4 29 39
4 30 39
4 31 39
4 32 39
4 33 39
4 34 39
4 35 39
4 36 39
4 37 39
4 38 39
4 39 39
4 40 39
4 41 39
4 42 39
4 43 39
4 44 39
4 45 39
4 46 39
4 47 39
4 48 39
4 49 39
5 0 30
5 1 30
5 2 30
5 3 30
5 4 30
5 5 31
5 6 31
5 7 32
5 8 33
5 9 35
5 10 38
5 11 39
5 12 39
5 13 39
5 14 39
5 15 39
5 16 39
5 17 39
5 18 39
5 19 39
5 20 39
5 21 39
5 22 39
5 23 39
5 24 39
5 25 39
5 26 39
5 27 39
5 28 39
5 29 39
5 30 39
5 31 39
5 32 39
5 33 39
5 34 39
5 35 39
5 36 39
5 37 39
5 38 39
5 39 39
5 40 39
5 41 39
5 42 39
5 43 39
5 44 39
5 45 39
5 46 39
5 47 39
5 48 39
5 49 39
6 0 30
6 1 30
6 2 30
6 3 30
6 4 30
6 5 31
6 6 31
6 7 32
6 8 33
6 9 35
6 10 38
6 11 39
6 12 39
6 13 39
6 14 39
6 15 39
6 16 39
6 17 39
6 18 39
6 19 39
6 20 39
6 21 39
6 22 39
6 23 39
6 24 39
6 25 39
6 26 39
6 27 39
6 28 39
6 29 39
6 30 39
6 31 39
6 32 39
6 33 39
6 34 39
6 35 39
6 36 39
6 37 39
6 38 39
6 39 39
6 40 39
6 41 39
6 42 39
6 43 39
6 44 39
6 45 39
6 46 39
6 47 39
6 48 39
6 49 39
7 0 30
7 1 30
7 2 30
7 3 30
7 4 30
7 5 31
7 6 31
7 7 32
7 8 33
7 9 35
7 10 37
7 11 39
7 12 39
7 13 39
7 14 39
7 15 39
7 16 39
7 17 39
7 18 39
7 19 39
7 20 39
7 21 39
7 22 39
7 23 39
7 24 39
7 25 39
7 26 39
7 27 39
7 28 39
7 29 39
7 30 39
7 31 39
7 32 39
7 33 39
7 34 39
7 35 39
7 36 39
7 37 39
7 38 39
7 39 39
7 40 39
7 41 39
7 42 39
7 43 39
7 44 39
7 45 39
7 46 39
7 47 39
7 48 39
7 49 39
8 0 30
8 1 30
8 2 30
8 3 30
8 4 30
8 5 31
8 6 31
8 7 32
8 8 33
8 9 34
8 10 37
8 11 39
8 12 39
8 13 39
8 14 39
8 15 39
8 16 39
8 17 39
8 18 39
8 19 39
8 20 39
8 21 39
8 22 39
8 23 39
8 24 39
8 25 39
8 26 39
8 27 39
8 28 39
8 29 39
8 30 39
8 31 39
8 32 39
8 33 39
8 34 39
8 35 39
8 36 39
8 37 39
8 38 39
8 39 39
8 40 39
8 41 39
8 42 39
8 43 39
8 44 39
8 45 39
8 46 39
8 47 39
8 48 39
8 49 39
9 0 30
9 1 30
9 2 30
9 3 30
9 4 30
9 5 31
9 6 31
9 7 32
9 8 33
9 9 34
9 10 36
9 11 39
9 12 39
9 13 39
9 14 39
9 15 39
9 16 39
9 17 39
9 18 39
9 19 39
9 20 39
9 21 39
9 22 39
9 23 39
9 24 39
9 25 39
9 26 39
9 27 39
9 28 39
9 29 39
9 30 39
9 31 39
9 32 39
9 33 39
9 34 39
9 35 39
9 36 39
9 37 39
9 38 39
9 39 39
9 40 39
9 41 39
9 42 39
9 43 39
9 44 39
9 45 39
9 46 39
9 47 39
9 48 39
9 49 39
10 0 30
10 1 30
10 2 30
10 3 30
10 4 30
10 5 31
10 6 31
10 7 32
10 8 33
10 9 34
10 10 36
10 11 39
10 12 39
10 13 39
10 14 39
10 15 39
10 16 39
10 17 39
10 18 39
10 19 39
10 20 39
10 21 39
10 22 39
10 23 39
10 24 39
10 25 39
10 26 39
10 27 39
10 28 39
10 29 39
10 30 39
10 31 39
10 32 39
10 33 39
10 34 39
10 35 39
10 36 39
10 37 39
10 38 39
10 39 39
10 40 39
10 41 39
10 42 39
10 43 39
10 44 39
10 45 39
10 46 39
10 47 39
10 48 39
10 49 39
11 0 30
11 1 30
11 2 30
11 3 30
11 4 30
11 5 30
11 6 31
11 7 32
11 8 33
11 9 34
11 10 36
11 11 39
11 12 39
11 13 39
11 14 39
11 15 39
11 16 39
11 17 39
11 18 39
11 19 39
11 20 39
11 21 39
11 22 39
11 23 39
11 24 39
11 25 39
11 26 39
11 27 39
11 28 39
11 29 39
11 30 39
11 31 39
11 32 39
11 33 39
11 34 39
11 35 39
11 36 39
11 37 39
11 38 39
11 39 39
11 40 39
11 41 39
11 42 39
11 43 39
11 44 39
11 45 39
11 46 39
11 47 39
11 48 39
11 49 39
12 0 30
12 1 30
12 2 30
12 3 30
12 4 30
12 5 30
12 6 31
12 7 32
12 8 32
12 9 34
12 10 35
12 11 39
12 12 39
12 13 39
12 14 39
12 15 39
12 16 39
12 17 39
12 18 39
12 19 39
12 20 39
12 21 39
12 22 39
12 23 39
12 24 39
12 25 39
12 26 39
12 27 39
12 28 39
12 29 39
12 30 39
12 31 39
12 32 39
12 33 39
12 34 39
12 35 39
12 36 39
12 37 39
12 38 39
12 39 39
12 40 39
12 41 39
12 42 39
12 43 39
12 44 39
12 45 39
12 46 39
12 47 39
12 48 39
12 49 39
13 0 30
13 1 30
13 2 30
13 3 30
13 4 30
13 5 30
13 6 31
13 7 31
13 8 32
13 9 33
13 10 35
13 11 38
13 12 39
13 13 39
13 14 39
13 15 39
13 16 39
13 17 39
13 18 39
13 19 39
13 20 39
13 21 39
13 22 39
13 23 39
13 24 39
13 25 39
13 26 39
13 27 39
13 28 39
13 29 39
13 30 39
13 31 39
13 32 39
13 33 39
13 34 39
13 35 39
13 36 39
13 37 39
13 38 39
13 39 39
13 40 39
13 41 39
13 42 39
13 43 39
13 44 39
13 45 39
13 46 39
13 47 39
13 48 39
13 49 39
14 0 30
14 1 30
14 2 30
14 3 30
14 4 30
14 5 30
14 6 31
14 7 31
14 8 32
14 9 33
14 10 35
14 11 37
14 12 39
14 13 39
14 14 39
14 15 39
14 16 39
14 17 39
14 18 39
14 19 39
14 20 39
14 21 39
14 22 39
14 23 39
14 24 39
14 25 39
14 26 39
14 27 39
14 28 39
14 29 39
14 30 39
14 31 39
14 32 39
14 33 39
14 34 39
14 35 39
14 36 39
14 37 39
14 38 39
14 39 39
14 40 39
14 41 39
14 42 39
14 43 39
14 44 39
14 45 39
14 46 39
14 47 39
14 48 39
14 49 39
15 0 30
15 1 30
15 2 30
15 3 30
15 4 30
15 5 30
15 6 31
15 7 31
15 8 32
15 9 33
15 10 34
15 11 36
15 12 39
15 13 39
15 14 39
15 15 39
15 16 39
15 17 39
15 18 39
15 19 39
15 20 39
15 21 39
15 22 39
15 23 39
15 24 39
15 25 39
15 26 39
15 27 39
15 28 39
15 29 39
15 30 39
15 31 39
15 32 39
15 33 39
15 34 39
15 35 39
15 36 39
15 37 39
15 38 39
15 39 39
15 40 39
15 41 39
15 42 39
15 43 39
15 44 39
15 45 39
15 46 39
15 47 39
15 48 39
15 49 39
16 0 30
16 1 30
16 2 30
16 3 30
16 4 30
16 5 30
16 6 31
16 7 31
16 8 32
16 9 33
16 10 34
16 11 36
16 12 39
16 13 39
16 14 39
16 15 39
16 16 39
16 17 39
16 18 39
16 19 39
16 20 39
16 21 39
16 22 39
16 23 39
16 24 39
16 25 39
16 26 39
16 27 39
16 28 39
16 29 39
16 30 39
16 31 39
16 32 39
16 33 39
16 34 39
16 35 39
16 36 39
16 37 39
16 38 39
16 39 39
16 40 39
16 41 39
16 42 39
16 43 39
16 44 39
16 45 39
16 46 39
16 47 39
16 48 39
16 49 39
17 0 30
17 1 30
17 2 30
17 3 30
17 4 30
17 5 30
17 6 30
17 7 31
17 8 32
17 9 32
17 10 34
17 11 35
17 12 38
17 13 39
17 14 39
17 15 39
17 16 39
17 17 39
17 18 39
17 19 39
17 20 39
17 21 39
17 22 39
17 23 39
17 24 39
17 25 39
17 26 39
17 27 39
17 28 39
17 29 39
17 30 39
17 31 39
17 32 39
17 33 39
17 34 39
17 35 39
17 36 39
17 37 39
17 38 39
17 39 39
17 40 39
17 41 39
17 42 39
17 43 39
17 44 39
17 45 39
17 46 39
17 47 39
17 48 39
17 49 39
18 0 30
18 1 30
18 2 30
18 3 30
18 4 30
18 5 30
18 6 30
18 7 31
18 8 31
18 9 32
18 10 33
18 11 35
18 12 37
18 13 39
18 14 39
18 15 39
18 16 39
18 17 39
18 18 39
18 19 39
18 20 39
18 21 39
18 22 39
18 23 39
18 24 39
18 25 39
18 26 39
18 27 39
18 28 39
18 29 39
18 30 39
18 31 39
18 32 39
18 33 39
18 34 39
18 35 39
18 36 39
18 37 39
18 38 39
18 39 39
18 40 39
18 41 39
18 42 39
18 43 39
18 44 39
18 45 39
18 46 39
18 47 39
18 48 39
18 49 39
19 0 30
19 1 30
19 2 30
19 3 30
19 4 30
19 5 30
19 6 30
19 7 31
19 8 31
19 9 32
19 10 33
19 11 34
19 12 36
19 13 39
19 14 39
19 15 39
19 16 39
19 17 39
19 18 39
19 19 39
19 20 39
19 21 39
19 22 39
19 23 39
19 24 39
19 25 39
19 26 39
19 27 39
19 28 39
19 29 39
19 30 39
19 31 39
19 32 39
19 33 39
19 34 39
19 35 39
19 36 39
19 37 39
19 38 39
19 39 39
19 40 39
19 41 39
19 42 39
19 43 39
19 44 39
19 45 39
19 46 39
19 47 39
19 48 39
19 49 39
20 0 30
20 1 30
20 2 30
20 3 30
20 4 30
20 5 30
20 6 30
20 7 30
20 8 31
20 9 32
20 10 32
20 11 34
20 12 35
20 13 39
20 14 39
20 15 39
20 16 39
20 17 39
20 18 39
20 19 39
20 20 39
20 21 39
20 22 39
20 23 39
20 24 39
20 25 39
20 26 39
20 27 39
20 28 39
20 29 39
20 30 39
20 31 39
20 32 39
20 33 39
20 34 39
20 35 39
20 36 39
20 37 39
20 38 39
20 39 39
20 40 39
20 41 39
20 42 39
20 43 39
20 44 39
20 45 39
20 46 39
20 47 39
20 48 39
20 49 39
21 0 30
21 1 30
21 2 30
21 3 30
21 4 30
21 5 30
21 6 30
21 7 30
21 8 31
21 9 31
21 10 32
21 11 33
21 12 35
21 13 37
21 14 39
21 15 39
21 16 39
21 17 39
21 18 39
21 19 39
21 20 39
21 21 39
21 22 39
21 23 39
21 24 39
21 25 39
21 26 39
21 27 39
21 28 39
21 29 39
21 30 39
21 31 39
21 32 39
21 33 39
21 34 39
21 35 39
21 36 39
21 37 39
21 38 39
21 39 39
21 40 39
21 41 39
21 42 39
21 43 39
21 44 39
21 45 39
21 46 39
21 47 39
21 48 39
21 49 39
22 0 30
22 1 30
22 2 30
22 3 30
22 4 30
22 5 30
22 6 30
22 7 30
22 8 31
22 9 31
22 10 32
22 11 33
22 12 34
22 13 36
22 14 39
22 15 39
22 16 39
22 17 39
22 18 39
22 19 39
22 20 39
22 21 39
22 22 39
22 23 39
22 24 39
22 25 39
22 26 39
22 27 39
22 28 39
22 29 39
22 30 39
22 31 39
22 32 39
22 33 39
22 34 39
22 35 39
22 36 39
22 37 39
22 38 39
22 39 39
22 40 39
22 41 39
22 42 39
22 43 39
22 44 39
22 45 39
22 46 39
22 47 39
22 48 39
22 49 39
23 0 30
23 1 30
23 2 30
23 3 30
23 4 30
23 5 30
23 6 30
23 7 30
23 8 30
23 9 31
23 10 32
23 11 32
23 12 33
23 13 35
23 14 37
23 15 39
23 16 39
23 17 39
23 18 39
23 19 39
23 20 39
23 21 39
23 22 39
23 23 39
23 24 39
23 25 39
23 26 39
23 27 39
23 28 39
23 29 39
23 30 39
23 31 39
23 32 39
23 33 39
23 34 39
23 35 39
23 36 39
23 37 39
23 38 39
23 39 39
23 40 39
23 41 39
23 42 39
23 43 39
23 44 39
23 45 39
23 46 39
23 47 39
23 48 39
23 49 39
24 0 30
24 1 30
24 2 30
24 3 30
24 4 30
24 5 30
24 6 30
24 7 30
24 8 30
24 9 31
24 10 31
24 11 32
24 12 33
24 13 34
24 14 36
24 15 39
24 16 39
24 17 39
24 18 39
24 19 39
24 20 39
24 21 39
24 22 39
24 23 39
24 24 39
24 25 39
24 26 39
24 27 39
24 28 39
24 29 39
24 30 39
24 31 39
24 32 39
24 33 39
24 34 39
24 35 39
24 36 39
24 37 39
24 38 39
24 39 39
24 40 39
24 41 39
24 42 39
24 43 39
24 44 39
24 45 39
24 46 39
24 47 39
24 48 39
24 49 39
25 0 30
25 1 30
25 2 30
25 3 30
25 4 30
25 5 30
25 6 30
25 7 30
25 8 30
25 9 30
25 10 31
25 11 32
25 12 32
25 13 33
25 14 35
25 15 37
25 16 39
25 17 39
25 18 39
25 19 39
25 20 39
25 21 39
25 22 39
25 23 39
25 24 39
25 25 39
25 26 39
25 27 39
25 28 39
25 29 39
25 30 39
25 31 39
25 32 39
25 33 39
25 34 39
25 35 39
25 36 39
25 37 39
25 38 39
25 39 39
25 40 39
25 41 39
25 42 39
25 43 39
25 44 39
25 45 39
25 46 39
25 47 39
25 48 39
25 49 39
26 0 31
26 1 30
26 2 30
26 3 30
26 4 30
26 5 30
26 6 30
26 7 30
26 8 30
26 9 30
26 10 31
26 11 31
26 12 32
26 13 33
26 14 34
26 15 35
26 16 39
26 17 39
26 18 39
26 19 39
26 20 39
26 21 39
26 22 39
26 23 39
26 24 39
26 25 39
26 26 39
26 27 39
26 28 39
26 29 39
26 30 39
26 31 39
26 32 39
26 33 39
26 34 39
26 35 39
26 36 39
26 37 39
26 38 39
26 39 39
26 40 39
26 41 39
26 42 39
26 43 39
26 44 39
26 45 39
26 46 39
26 47 39
26 48 39
26 49 39
27 0 31
27 1 30
27 2 30
27 3 30
27 4 30
27 5 30
27 6 30
27 7 30
27 8 30
27 9 30
27 10 30
27 11 31
27 12 32
27 13 32
27 14 33
27 15 34
27 16 36
27 17 39
27 18 39
27 19 39
27 20 39
27 21 39
27 22 39
27 23 39
27 24 39
27 25 39
27 26 39
27 27 39
27 28 39
27 29 39
27 30 39
27 31 39
27 32 39
27 33 39
27 34 39
27 35 39
27 36 39
27 37 39
27 38 39
27 39 39
27 40 39
27 41 39
27 42 39
27 43 39
27 44 39
27 45 39
27 46 39
27 47 39
27 48 39
27 49 39
28 0 31
28 1 30
28 2 30
28 3 30
28 4 30
28 5 30
28 6 30
28 7 30
28 8 30
28 9 30
28 10 30
28 11 31
28 12 31
28 13 32
28 14 33
28 15 34
28 16 35
28 17 37
28 18 39
28 19 39
28 20 39
28 21 39
28 22 39
28 23 39
28 24 39
28 25 39
28 26 39
28 27 39
28 28 39
28 29 39
28 30 39
28 31 39
28 32 39
28 33 39
28 34 39
28 35 39
28 36 39
28 37 39
28 38 39
28 39 39
28 40 39
28 41 39
28 42 39
28 43 39
28 44 39
28 45 39
28 46 39
28 47 39
28 48 39
28 49 39
29 0 31
29 1 31
29 2 30
29 3 30
29 4 30
29 5 30
29 6 30
29 7 30
29 8 30
29 9 30
29 10 30
29 11 30
29 12 31
29 13 31
29 14 32
29 15 33
29 16 34
29 17 35
29 18 38
29 19 39
29 20 39
29 21 39
29 22 39
29 23 39
29 24 39
29 25 39
29 26 39
29 27 39
29 28 39
29 29 39
29 30 39
29 31 39
29 32 39
29 33 39
29 34 39
29 35 39
29 36 39
29 37 39
29 38 39
29 39 39
29 40 39
29 41 39
29 42 39
29 43 39
29 44 39
29 45 39
29 46 39
29 47 39
29 48 39
29 49 39
30 0 31
30 1 31
30 2 30
30 3 30
30 4 30
30 5 30
30 6 30
30 7 30
30 8 30
30 9 30
30 10 30
30 11 30
30 12 31
30 13 31
30 14 32
30 15 32
30 16 33
30 17 34
30 18 35
30 19 38
30 20 39
30 21 39
30 22 39
30 23 39
30 24 39
30 25 39
30 26 39
30 27 39
30 28 39
30 29 39
30 30 39
30 31 39
30 32 39
30 33 39
30 34 39
30 35 39
30 36 39
30 37 39
30 38 39
30 39 39
30 40 39
30 41 39
30 42 39
30 43 39
30 44 39
30 45 39
30 46 39
30 47 39
30 48 39
30 49 39
31 0 32
31 1 31
31 2 31
31 3 30
31 4 30
31 5 30
31 6 30
31 7 30
31 8 30
31 9 30
31 10 30
31 11 30
31 12 30
31 13 31
31 14 31
31 15 32
31 16 32
31 17 33
31 18 34
31 19 36
31 20 38
31 21 39
31 22 39
31 23 39
31 24 39
31 25 39
31 26 39
31 27 39
31 28 39
31 29 39
31 30 39
31 31 39
31 32 39
31 33 39
31 34 39
31 35 39
31 36 39
31 37 39
31 38 39
31 39 39
31 40 39
31 41 39
31 42 39
31 43 39
31 44 39
31 45 39
31 46 39
31 47 39
31 48 39
31 49 39
32 0 32
32 1 32
32 2 31
32 3 30
32 4 30
32 5 30
32 6 30
32 7 30
32 8 30
32 9 30
32 10 30
32 11 30
32 12 30
32 13 30
32 14 31
32 15 31
32 16 32
32 17 32
32 18 33
32 19 34
32 20 35
32 21 38
32 22 39
32 23 39
32 24 39
32 25 39
32 26 39
32 27 39
32 28 39
32 29 39
32 30 39
32 31 39
32 32 39
32 33 39
32 34 39
32 35 39
32 36 39
32 37 39
32 38 39
32 39 39
32 40 39
32 41 39
32 42 39
32 43 39
32 44 39
32 45 39
32 46 39
32 47 39
32 48 39
32 49 39
33 0 33
33 1 32
33 2 31
33 3 31
33 4 30
33 5 30
33 6 30
33 7 30
33 8 30
33 9 30
33 10 30
33 11 30
33 12 30
33 13 30
33 14 30
33 15 31
33 16 31
33 17 32
33 18 32
33 19 33
33 20 34
33 21 35
33 22 37
33 23 39
33 24 39
33 25 39
33 26 39
33 27 39
33 28 39
33 29 39
33 30 39
33 31 39
33 32 39
33 33 39
33 34 39
33 35 39
33 36 39
33 37 39
33 38 39
33 39 39
33 40 39
33 41 39
33 42 39
33 43 39
33 44 39
33 45 39
33 46 39
33 47 39
33 48 39
33 49 39
34 0 33
34 1 32
34 2 32
34 3 31
34 4 31
34 5 30
34 6 30
34 7 30
34 8 30
34 9 30
34 10 30
34 11 30
34 12 30
34 13 30
34 14 30
34 15 30
34 16 31
34 17 31
34 18 32
34 19 32
34 20 33
34 21 34
34 22 35
34 23 36
34 24 39
34 25 39
34 26 39
34 27 39
34 28 39
34 29 39
34 30 39
34 31 39
34 32 39
34 33 39
34 34 39
34 35 39
34 36 39
34 37 39
34 38 39
34 39 39
34 40 39
34 41 39
34 42 39
34 43 39
34 44 39
34 45 39
34 46 39
34 47 39
34 48 39
34 49 39
35 0 34
35 1 33
35 2 32
35 3 31
35 4 31
35 5 30
35 6 30
35 7 30
35 8 30
35 9 30
35 10 30
35 11 30
35 12 30
35 13 30
35 14 30
35 15 30
35 16 30
35 17 31
35 18 31
35 19 32
35 20 32
35 21 33
35 22 34
35 23 34
35 24 35
35 25 37
35 26 39
35 27 39
35 28 39
35 29 39
35 30 39
35 31 39
35 32 39
35 33 39
35 34 39
35 35 39
35 36 39
35 37 39
35 38 39
35 39 39
35 40 39
35 41 39
35 42 39
35 43 39
35 44 39
35 45 39
35 46 39
35 47 39
35 48 39
35 49 39
36 0 35
36 1 34
36 2 33
36 3 32
36 4 31
36 5 31
36 6 30
36 7 30
36 8 30
36 9 30
36 10 30
36 11 30
36 12 30
36 13 30
36 14 30
36 15 30
36 16 30
36 17 30
36 18 31
36 19 31
36 20 32
36 21 32
36 22 33
36 23 33
36 24 34
36 25 35
36 26 36
36 27 37
36 28 39
36 29 39
36 30 39
36 31 39
36 32 39
36 33 39
36 34 39
36 35 39
36 36 39
36 37 39
36 38 39
36 39 39
36 40 39
36 41 39
36 42 39
36 43 39
36 44 39
36 45 39
36 46 39
36 47 39
36 48 39
36 49 39
37 0 36
37 1 34
37 2 33
37 3 32
37 4 32
37 5 31
37 6 31
37 7 30
37 8 30
37 9 30
37 10 30
37 11 30
37 12 30
37 13 30
37 14 30
37 15 30
37 16 30
37 17 30
37 18 30
37 19 31
37 20 31
37 21 31
37 22 32
37 23 32
37 24 33
37 25 33
37 26 34
37 27 35
37 28 36
37 29 37
37 30 38
37 31 39
37 32 39
37 33 39
37 34 39
37 35 39
37 36 39
37 37 39
37 38 39
37 39 39
37 40 39
37 41 39
37 42 39
37 43 39
37 44 39
37 45 39
37 46 39
37 47 39
37 48 39
37 49 39
38 0 39
38 1 36
38 2 34
38 3 33
38 4 32
38 5 31
38 6 31
38 7 31
38 8 30
38 9 30
38 10 30
38 11 30
38 12 30
38 13 30
38 14 30
38 15 30
38 16 30
38 17 30
38 18 30
38 19 30
38 20 31
38 21 31
38 22 31
38 23 32
38 24 32
38 25 32
38 26 33
38 27 33
38 28 34
38 29 35
38 30 35
38 31 36
38 32 37
38 33 38
38 34 39
38 35 39
38 36 39
38 37 39
38 38 39
38 39 39
38 40 39
38 41 39
38 42 39
38 43 39
38 44 39
38 45 39
38 46 39
38 47 39
38 48 39
38 49 39
39 0 39
39 1 37
39 2 35
39 3 34
39 4 33
39 5 32
39 6 31
39 7 31
39 8 30
39 9 30
39 10 30
39 11 30
39 12 30
39 13 30
39 14 30
39 15 30
39 16 30
39 17 30
39 18 30
39 19 30
39 20 30
39 21 30
39 22 31
39 23 31
39 24 31
39 25 32
39 26 32
39 27 32
39 28 33
39 29 33
39 30 34
39 31 34
39 32 35
39 33 35
39 34 36
39 35 36
39 36 37
39 37 38
39 38 39
39 39 39
39 40 39
39 41 39
39 42 39
39 43 39
39 44 39
39 45 39
39 46 39
39 47 39
39 48 39
39 49 39
40 0 39
40 1 39
40 2 37
40 3 35
40 4 34
40 5 33
40 6 32
40 7 31
40 8 31
40 9 30
40 10 30
40 11 30
40 12 30
40 13 30
40 14 30
40 15 30
40 16 30
40 17 30
40 18 30
40 19 30
40 20 30
40 21 30
40 22 30
40 23 30
40 24 31
40 25 31
40 26 31
40 27 32
40 28 32
40 29 32
40 30 32
40 31 33
40 32 33
40 33 33
40 34 34
40 35 34
40 36 35
40 37 35
40 38 35
40 39 36
40 40 36
40 41 36
40 42 37
40 43 37
40 44 38
40 45 38
40 46 38
40 47 39
40 48 39
40 49 39
41 0 39
41 1 39
41 2 39
41 3 36
41 4 34
41 5 33
41 6 32
41 7 32
41 8 31
41 9 31
41 10 30
41 11 30
41 12 30
41 13 30
41 14 30
41 15 30
41 16 30
41 17 30
41 18 30
41 19 30
41 20 30
41 21 30
41 22 30
41 23 30
41 24 30
41 25 31
41 26 31
41 27 31
41 28 31
41 29 31
41 30 32
41 31 32
41 32 32
41 33 32
41 34 33
41 35 33
41 36 33
41 37 33
41 38 34
41 39 34
41 40 34
41 41 34
41 42 34
41 43 35
41 44 35
41 45 35
41 46 35
41 47 35
41 48 35
41 49 35
42 0 39
42 1 39
42 2 39
42 3 39
42 4 36
42 5 34
42 6 33
42 7 32
42 8 32
42 9 31
42 10 31
42 11 30
42 12 30
42 13 30
42 14 30
42 15 30
42 16 30
42 17 30
42 18 30
42 19 30
42 20 30
42 21 30
42 22 30
42 23 30
42 24 30
42 25 30
42 26 30
42 27 30
42 28 31
42 29 31
42 30 31
42 31 31
42 32 31
42 33 32
42 34 32
42 35 32
42 36 32
42 37 32
42 38 32
42 39 33
42 40 33
42 41 33
42 42 33
42 43 33
42 44 33
42 45 33
42 46 33
42 47 33
42 48 33
42 49 33
43 0 39
43 1 39
43 2 39
43 3 39
43 4 39
43 5 36
43 6 34
43 7 33
43 8 32
43 9 32
43 10 31
43 11 31
43 12 31
43 13 30
43 14 30
43 15 30
43 16 30
43 17 30
43 18 30
43 19 30
43 20 30
43 21 30
43 22 30
43 23 30
43 24 30
43 25 30
43 26 30
43 27 30
43 28 30
43 29 30
43 30 30
43 31 31
43 32 31
43 33 31
43 34 31
43 35 31
43 36 31
43 37 31
43 38 32
43 39 32
43 40 32
43 41 32
43 42 32
43 43 32
43 44 32
43 45 32
43 46 32
43 47 32
43 48 32
43 49 32
44 0 39
44 1 39
44 2 39
44 3 39
44 4 39
44 5 38
44 6 36
44 7 34
44 8 33
44 9 32
44 10 32
44 11 31
44 12 31
44 13 31
44 14 30
44 15 30
44 16 30
44 17 30
44 18 30
44 19 30
44 20 30
44 21 30
44 22 30
44 23 30
44 24 30
44 25 30
44 26 30
44 27 30
44 28 30
44 29 30
44 30 30
44 31 30
44 32 30
44 33 30
44 34 31
44 35 31
44 36 31
44 37 31
44 38 31
44 39 31
44 40 31
44 41 31
44 42 31
44 43 31
44 44 31
44 45 31
44 46 31
44 47 31
44 48 31
44 49 31
45 0 39
45 1 39
45 2 39
45 3 39
45 4 39
45 5 39
45 6 38
45 7 36
45 8 34
45 9 33
45 10 33
45 11 32
45 12 31
45 13 31
45 14 31
45 15 30
45 16 30
45 17 30
45 18 30
45 19 30
45 20 30
45 21 30
45 22 30
45 23 30
45 24 30
45 25 30
45 26 30
45 27 30
45 28 30
45 29 30
45 30 30
45 31 30
45 32 30
45 33 30
45 34 30
45 35 30
45 36 30
45 37 30
45 38 30
45 39 30
45 40 31
45 41 31
45 42 31
45 43 31
45 44 31
45 45 31
45 46 31
45 47 31
45 48 31
45 49 31
46 0 39
46 1 39
46 2 39
46 3 39
46 4 39
46 5 39
46 6 39
46 7 39
46 8 36
46 9 34
46 10 33
46 11 33
46 12 32
46 13 32
46 14 31
46 15 31
46 16 31
46 17 30
46 18 30
46 19 30
46 20 30
46 21 30
46 22 30
46 23 30
46 24 30
46 25 30
46 26 30
46 27 30
46 28 30
46 29 30
46 30 30
46 31 30
46 32 30
46 33 30
46 34 30
46 35 30
46 36 30
46 37 30
46 38 30
46 39 30
46 40 30
46 41 30
46 42 30
46 43 30
46 44 30
46 45 30
46 46 30
46 47 30
46 48 30
46 49 30
47 0 39
47 1 39
47 2 39
47 3 39
47 4 39
47 5 39
47 6 39
47 7 39
47 8 39
47 9 36
47 10 35
47 11 34
47 12 33
47 13 32
47 14 32
47 15 31
47 16 31
47 17 31
47 18 30
47 19 30
47 20 30
47 21 30
47 22 30
47 23 30
47 24 30
47 25 30
47 26 30
47 27 30
47 28 30
47 29 30
47 30 30
47 31 30
47 32 30
47 33 30
47 34 30
47 35 30
47 36 30
47 37 30
47 38 30
47 39 30
47 40 30
47 41 30
47 42 30
47 43 30
47 44 30
47 45 30
47 46 30
47 47 30
47 48 30
47 49 30
48 0 39
48 1 39
48 2 39
48 3 39
48 4 39
48 5 39
48 6 39
48 7 39
48 8 39
48 9 39
48 10 37
48 11 35
48 12 34
48 13 33
48 14 33
48 15 32
48 16 32
48 17 31
48 18 31
48 19 31
48 20 30
48 21 30
48 22 30
48 23 30
48 24 30
48 25 30
48 26 30
48 27 30
48 28 30
48 29 30
48 30 30
48 31 30
48 32 29
48 33 30
48 34 30
48 35 30
48 36 30
48 37 30
48 38 30
48 39 30
48 40 30
48 41 30
48 42 30
48 43 30
48 44 30
48 45 30
48 46 30
48 47 30
48 48 30
48 49 30
49 0 39
49 1 39
49 2 39
49 3 39
49 4 39
49 5 39
49 6 39
49 7 39
49 8 39
49 9 39
49 10 39
49 11 37
49 12 36
49 13 34
49 14 34
49 15 33
49 16 32
49 17 32
49 18 32
49 19 31
49 20 31
49 21 31
49 22 30
49 23 30
49 24 30
49 25 30
49 26 30
49 27 30
49 28 30
49 29 30
49 30 30
49 31 30
49 32 30
49 33 30
49 34 30
49 35 30
49 36 30
49 37 30
49 38 30
49 39 30
49 40 30
49 41 30
49 42 30
49 43 30
49 44 30
49 45 30
49 46 30
49 47 30
49 48 30
49 49 30
